[app/ui]
version = 6.0.1
modtime = 1395175871.115080000

[app/launcher]
version = 6.0.1
modtime = 1395175871.120443000

[views/togglepanelgroup]
owner = herzogm
version = 6.0.1
modtime = 1395176192.416025000
